function DEG2RAD = DEG2RAD( DEG )
%UNTITLED 此处显示有关此函数的摘要
%   此处显示详细说明

pi = 3.1415926535897932384626433832795;
DEG2RAD =  pi*DEG / 180.0;

end

